1237
1186
1165
1051
1404
1311
1437
1248
1233
1110
1105
1445
1407
1243
1242
1183
1414
1399
1317
1178
1479
1477
1417
1171
1100
1052
1184
1157
1108
1474
1461
1458
1419
1241
1159
1493
1454
1392
1315
1255
1191
1481
1423
1367
1260
1187
1176
1473
1467
1415
1400
1368
1251
1234
1190
1189
1485
1443
1420
1301
1486
1447
1318
1266
1231
1158
1032
1490
1468
1466
1463
1250
1478
1472
1413
1391
1188
1046
1465
1452
1451
1421
1418
1262
1261
1464
1457
1448
1408
1316
1246
1125
1494
1459
1449
1375
1310
1210
1209
750
1487
1483
1455
1378
1376
1371
1343
1307
1244
1239
1195
1168
1167
1161
1102
1489
1462
1411
1313
1259
1238
1207
1198
1164
1388
1369
1363
1263
1065
598
1450
1412
1398
1265
1249
1469
1422
1409
1402
1394
1236
1401
1278
1275
755
597
525
524
1381
1374
1314
1282
1230
1015
593
568
1286
754
592
1308
543
573
1305
947
1037
16
340
375
376
411
424
561
567
594
860
1289
1296
1297
1304
1306
599
600
619
620
660
661
682
684
685
690
691
692
701
702
739
741
747
748
1347
1352
1359
1365
1366
1380
1382
1384
1389
1393
595
596
751
752
753
1319
1323
1332
1335
1337
1338
1342
444
445
446
450
491
492
1253
1254
1257
1258
371
372
1227
1235
715
737
1390
523
1279
576
1299
373
374
377
659
697
698
699
700
716
717
718
740
756
858
1283
1287
1291
1293
1333
51
52
182
433
434
477
478
479
502
503
505
1045
1181
1182
160
178
179
335
336
928
930
1410
1470
665
666
733
734
1386
1395
708
709
710
711
1396
5
34
35
55
58
59
60
63
123
126
128
129
130
165
166
230
231
249
285
315
334
435
436
437
468
469
470
493
585
601
603
604
696
712
713
714
738
811
829
948
64
116
119
337
429
447
448
449
518
519
531
556
760
761
808
844
855
887
908
1019
1059
1115
1121
1194
1196
1203
1206
1271
189
190
191
192
233
234
246
253
267
268
269
513
514
759
827
1111
1124
1488
1491
1492
74
75
76
77
78
79
112
113
1073
1077
1093
1097
1099
1101
115
787
788
945
946
1460
22
406
1017
506
915
1484
71
72
73
114
120
188
255
256
257
338
339
341
342
378
379
380
381
382
405
407
510
602
621
622
662
663
664
681
683
742
791
792
826
828
831
922
944
1349
12
21
171
239
290
459
497
499
778
779
780
784
797
813
834
892
903
904
1456
1475
1476
1480
56
438
439
440
441
794
795
809
934
1453
485
486
487
488
489
1117
1118
845
1070
13
57
70
102
103
104
105
106
107
108
109
110
111
122
168
169
226
227
228
229
271
272
274
275
277
278
295
318
319
323
430
482
484
490
495
496
509
532
541
542
564
572
574
762
770
771
789
790
793
796
807
830
854
906
907
935
936
23
125
280
281
905
910
912
1003
1471
643
644
652
653
673
674
675
1377
676
1273
11
18
19
20
25
156
186
187
236
258
259
260
261
262
263
264
265
266
324
571
575
577
578
589
627
628
629
630
631
632
633
634
645
646
647
648
649
650
651
654
655
668
669
670
671
672
735
736
806
839
840
867
911
932
933
193
199
203
204
205
210
223
1137
1142
1145
1146
1151
1154
1155
68
283
284
515
767
777
901
1416
149
1016
10
24
29
38
41
92
124
152
224
225
232
235
270
309
328
345
346
347
467
474
507
508
511
536
579
588
590
591
635
636
639
640
641
642
686
804
913
949
950
135
164
287
296
297
305
432
800
815
818
819
823
848
886
919
920
926
927
931
1425
1426
1429
1430
1433
1435
1436
1440
1441
1442
4
6
33
36
37
40
45
46
49
50
53
54
65
121
142
181
245
279
282
288
302
307
308
312
314
320
322
460
463
475
476
481
483
494
501
504
533
534
535
569
764
776
781
799
802
803
810
812
814
824
900
917
937
938
2
8
9
31
47
48
61
117
118
170
183
248
289
303
304
310
311
325
326
331
369
451
480
498
500
605
606
607
608
615
616
693
694
703
704
705
706
707
765
782
805
825
835
837
888
889
890
894
909
202
1153
3
69
84
131
132
134
144
145
146
147
148
157
159
161
194
195
215
216
217
218
219
220
221
222
250
251
300
313
344
402
403
404
410
412
413
414
415
416
417
418
419
431
512
520
521
522
580
581
582
583
587
757
758
763
842
856
891
895
898
899
914
916
939
940
941
1
32
62
133
155
237
247
316
317
366
367
368
370
383
384
385
386
387
388
389
390
391
425
443
455
456
464
465
466
471
472
526
527
530
625
626
637
638
656
667
689
719
720
721
722
723
724
730
731
732
743
749
833
836
846
847
849
850
851
852
853
871
872
873
874
875
876
877
885
461
462
1482
44
1405
39
42
43
66
136
137
143
158
172
173
174
176
184
238
240
241
242
243
244
286
291
292
293
298
299
306
427
623
624
657
658
744
745
746
768
769
772
773
774
786
841
902
918
7
30
127
150
151
252
254
273
276
321
327
473
537
538
539
540
562
563
565
566
570
609
610
611
612
613
614
617
618
695
832
923
942
943
17
67
80
81
82
83
85
86
87
88
89
90
91
93
94
95
96
97
98
99
100
101
139
140
141
163
167
175
177
185
196
197
198
200
201
206
207
208
209
211
212
213
214
301
457
458
766
783
785
798
838
893
14
28
138
180
329
442
452
545
546
551
552
553
554
555
557
558
559
560
584
586
677
678
679
680
687
688
725
726
727
728
729
801
817
865
866
868
869
870
878
879
880
881
882
883
884
921
924
925
401
1011
929
1406
15
26
27
153
154
162
294
330
332
333
343
348
349
350
351
352
353
354
355
356
357
358
359
360
361
362
363
364
365
392
393
394
395
396
397
398
399
400
408
409
420
421
422
423
426
428
453
454
516
517
528
529
544
547
548
549
550
775
816
820
821
822
843
857
859
861
862
863
864
896
897
951
952
953
954
955
956
957
958
959
960
961
962
963
964
965
966
967
968
969
970
971
972
973
974
975
976
977
978
979
980
981
982
983
984
985
986
987
988
989
990
991
992
993
994
995
996
997
998
999
1000
1001
1002
1004
1005
1006
1007
1008
1009
1010
1012
1013
1014
1018
1020
1021
1022
1023
1024
1025
1026
1027
1028
1029
1030
1031
1033
1034
1035
1036
1038
1039
1040
1041
1042
1043
1044
1047
1048
1049
1050
1053
1054
1055
1056
1057
1058
1060
1061
1062
1063
1064
1066
1067
1068
1069
1071
1072
1074
1075
1076
1078
1079
1080
1081
1082
1083
1084
1085
1086
1087
1088
1089
1090
1091
1092
1094
1095
1096
1098
1103
1104
1106
1107
1109
1112
1113
1114
1116
1119
1120
1122
1123
1126
1127
1128
1129
1130
1131
1132
1133
1134
1135
1136
1138
1139
1140
1141
1143
1144
1147
1148
1149
1150
1152
1156
1160
1162
1163
1166
1169
1170
1172
1173
1174
1175
1177
1179
1180
1185
1192
1193
1197
1199
1200
1201
1202
1204
1205
1208
1211
1212
1213
1214
1215
1216
1217
1218
1219
1220
1221
1222
1223
1224
1225
1226
1228
1229
1232
1240
1245
1247
1252
1256
1264
1267
1268
1269
1270
1272
1274
1276
1277
1280
1281
1284
1285
1288
1290
1292
1294
1295
1298
1300
1302
1303
1309
1312
1320
1321
1322
1324
1325
1326
1327
1328
1329
1330
1331
1334
1336
1339
1340
1341
1344
1345
1346
1348
1350
1351
1353
1354
1355
1356
1357
1358
1360
1361
1362
1364
1370
1372
1373
1379
1383
1385
1387
1397
1403
1424
1427
1428
1431
1432
1434
1438
1439
1444
1446
1495
1496
1497
1498
1499
1500
