1237
1186
1165
1051
1404
1311
1437
1248
1233
1110
1105
1445
1407
1243
1242
1183
1414
1178
1479
1477
1417
1171
1100
1052
1184
1157
1108
1474
1461
1458
1419
1241
1159
1493
1454
1315
1255
1191
1481
1423
1260
1187
1176
1473
1467
1415
1251
1234
1190
1189
1485
1443
1420
1317
1301
1486
1447
1266
1231
1158
1032
1490
1468
1466
1463
1250
1478
1472
1413
1188
1046
1465
1452
1451
1421
1418
1262
1261
1464
1457
1448
1408
1316
1246
1125
1494
1459
1449
1210
1209
1487
1483
1455
1307
1244
1239
1195
1168
1167
1161
1102
1489
1462
1411
1259
1238
1207
1198
1164
1263
1065
1203
1115
1460
1194
1101
113
75
1271
1093
78
79
1099
116
337
1206
448
808
1121
74
1073
112
1097
429
1019
844
1196
908
1059
64
71
72
73
76
77
114
115
119
447
449
518
519
531
556
760
761
787
788
831
855
887
945
946
1077
16
340
371
372
373
374
375
376
377
411
424
523
524
525
561
576
592
699
754
755
756
858
1015
1227
1230
1235
1236
1275
1279
1283
1287
1289
1291
1293
1299
1308
189
190
191
192
233
234
246
253
267
268
269
513
514
759
827
1111
1124
1488
1491
1492
58
59
60
126
128
129
130
230
231
249
285
568
585
829
947
948
1037
1265
1412
22
406
1017
506
915
1484
13
70
102
103
104
105
106
107
108
109
110
111
120
122
188
229
255
256
257
271
272
274
275
318
319
323
338
339
341
342
378
379
380
381
382
405
407
482
495
496
509
510
770
771
789
790
791
792
826
828
830
854
922
935
936
944
5
34
35
51
52
55
63
123
160
165
166
178
179
182
315
334
335
336
433
434
435
436
437
444
445
446
450
468
469
470
477
478
479
491
492
493
502
503
505
811
928
930
1045
1181
1182
1249
1253
1254
1257
1258
1409
1410
1422
1450
1469
1470
12
21
171
239
290
459
497
499
778
779
780
784
797
813
834
892
903
904
1456
1475
1476
1480
56
438
439
440
441
794
795
809
934
1453
23
125
280
281
905
910
912
1003
1471
485
486
487
488
489
1117
1118
845
1070
11
18
19
20
25
57
156
168
169
186
187
226
227
228
236
258
259
260
261
262
263
264
265
266
277
278
295
324
430
484
490
532
571
572
574
575
577
578
589
762
793
796
806
807
839
840
867
906
907
911
932
933
135
164
287
296
297
305
432
800
815
818
819
823
848
886
919
920
926
927
931
1425
1426
1429
1430
1433
1435
1436
1440
1441
1442
193
199
203
204
205
210
223
1137
1142
1145
1146
1151
1154
1155
68
283
284
515
767
777
901
1416
149
750
1016
4
6
10
24
29
37
38
41
54
65
92
121
124
152
224
225
232
235
270
309
312
314
320
322
328
345
346
347
463
467
474
483
507
508
511
533
534
535
536
569
579
588
686
804
824
913
949
950
33
36
40
45
46
47
48
49
50
53
117
118
142
181
245
279
282
288
302
303
307
308
310
331
369
460
475
476
481
494
500
501
504
764
776
781
799
802
803
810
812
814
888
889
890
900
909
917
937
938
2
8
9
31
61
146
148
159
161
170
183
248
250
251
289
300
304
311
325
326
431
451
480
498
512
520
521
522
757
758
763
765
782
805
825
835
837
842
856
891
894
895
898
899
940
941
202
1153
3
69
84
131
132
133
134
144
145
147
155
157
194
195
215
216
217
218
219
220
221
222
237
313
344
402
403
404
410
412
413
414
415
416
417
418
419
455
456
526
527
530
541
543
545
546
551
552
553
554
555
557
558
559
560
573
580
583
586
587
833
846
847
849
850
851
852
853
871
872
873
874
875
876
877
885
914
916
939
461
462
1482
1
32
39
42
62
143
158
172
184
238
240
241
242
243
244
247
286
291
292
316
317
366
367
368
370
383
384
385
386
387
388
389
390
391
425
443
464
465
466
471
472
786
836
841
902
918
44
1405
7
43
66
127
136
137
150
151
173
174
176
252
254
273
276
293
298
299
306
321
427
473
537
538
539
540
562
563
565
566
570
591
596
739
768
769
772
773
774
832
923
942
943
17
30
67
80
81
82
83
85
86
87
88
89
90
91
93
94
95
96
97
98
99
100
101
139
140
141
163
167
175
177
185
196
197
198
200
201
206
207
208
209
211
212
213
214
301
327
457
458
766
783
785
798
838
893
14
28
138
180
329
442
452
656
801
817
865
866
868
869
870
878
879
880
881
882
883
884
921
924
925
401
1011
929
1406
15
26
27
153
154
162
294
330
332
333
343
348
349
350
351
352
353
354
355
356
357
358
359
360
361
362
363
364
365
392
393
394
395
396
397
398
399
400
408
409
420
421
422
423
426
428
453
454
516
517
528
529
542
544
547
548
549
550
564
567
581
582
584
590
593
594
595
597
598
599
600
601
602
603
604
605
606
607
608
609
610
611
612
613
614
615
616
617
618
619
620
621
622
623
624
625
626
627
628
629
630
631
632
633
634
635
636
637
638
639
640
641
642
643
644
645
646
647
648
649
650
651
652
653
654
655
657
658
659
660
661
662
663
664
665
666
667
668
669
670
671
672
673
674
675
676
677
678
679
680
681
682
683
684
685
687
688
689
690
691
692
693
694
695
696
697
698
700
701
702
703
704
705
706
707
708
709
710
711
712
713
714
715
716
717
718
719
720
721
722
723
724
725
726
727
728
729
730
731
732
733
734
735
736
737
738
740
741
742
743
744
745
746
747
748
749
751
752
753
775
816
820
821
822
843
857
859
860
861
862
863
864
896
897
951
952
953
954
955
956
957
958
959
960
961
962
963
964
965
966
967
968
969
970
971
972
973
974
975
976
977
978
979
980
981
982
983
984
985
986
987
988
989
990
991
992
993
994
995
996
997
998
999
1000
1001
1002
1004
1005
1006
1007
1008
1009
1010
1012
1013
1014
1018
1020
1021
1022
1023
1024
1025
1026
1027
1028
1029
1030
1031
1033
1034
1035
1036
1038
1039
1040
1041
1042
1043
1044
1047
1048
1049
1050
1053
1054
1055
1056
1057
1058
1060
1061
1062
1063
1064
1066
1067
1068
1069
1071
1072
1074
1075
1076
1078
1079
1080
1081
1082
1083
1084
1085
1086
1087
1088
1089
1090
1091
1092
1094
1095
1096
1098
1103
1104
1106
1107
1109
1112
1113
1114
1116
1119
1120
1122
1123
1126
1127
1128
1129
1130
1131
1132
1133
1134
1135
1136
1138
1139
1140
1141
1143
1144
1147
1148
1149
1150
1152
1156
1160
1162
1163
1166
1169
1170
1172
1173
1174
1175
1177
1179
1180
1185
1192
1193
1197
1199
1200
1201
1202
1204
1205
1208
1211
1212
1213
1214
1215
1216
1217
1218
1219
1220
1221
1222
1223
1224
1225
1226
1228
1229
1232
1240
1245
1247
1252
1256
1264
1267
1268
1269
1270
1272
1273
1274
1276
1277
1278
1280
1281
1282
1284
1285
1286
1288
1290
1292
1294
1295
1296
1297
1298
1300
1302
1303
1304
1305
1306
1309
1310
1312
1313
1314
1318
1319
1320
1321
1322
1323
1324
1325
1326
1327
1328
1329
1330
1331
1332
1333
1334
1335
1336
1337
1338
1339
1340
1341
1342
1343
1344
1345
1346
1347
1348
1349
1350
1351
1352
1353
1354
1355
1356
1357
1358
1359
1360
1361
1362
1363
1364
1365
1366
1367
1368
1369
1370
1371
1372
1373
1374
1375
1376
1377
1378
1379
1380
1381
1382
1383
1384
1385
1386
1387
1388
1389
1390
1391
1392
1393
1394
1395
1396
1397
1398
1399
1400
1401
1402
1403
1424
1427
1428
1431
1432
1434
1438
1439
1444
1446
1495
1496
1497
1498
1499
1500
